- OS: Windows-10-10.0.22631-SP0 10.0.22631
- Python: 3.11.5
- Stable-Baselines3: 2.3.2
- PyTorch: 2.3.1
- GPU Enabled: True
- Numpy: 1.24.3
- Cloudpickle: 2.2.1
- Gymnasium: 0.29.1
- OpenAI Gym: 0.26.2
